   5.00000007E-02 -0.306946039    
  0.100000001     -0.373592257    
  0.150000006     -0.429173440    
  0.200000003     -0.477700412    
  0.250000000     -0.521227598    
  0.300000012     -0.560974658    
  0.349999994     -0.597734809    
  0.400000006     -0.632058740    
  0.450000018     -0.664346814    
  0.500000000     -0.694901168    
  0.550000012     -0.723956227    
  0.600000024     -0.751698136    
  0.650000036     -0.778277874    
  0.699999988     -0.803819537    
  0.750000000     -0.828426838    
  0.800000012     -0.852187634    
  0.850000024     -0.875176549    
  0.900000036     -0.897458255    
  0.949999988     -0.919088781    
   1.00000000     -0.940117240    
   1.05000007     -0.960587025    
   1.10000002     -0.980536461    
   1.14999998     -0.999999762    
   1.20000005      -1.01900744    
   1.25000000      -1.03758764    
   1.30000007      -1.05576491    
   1.35000002      -1.07356191    
   1.39999998      -1.09099948    
   1.45000005      -1.10809636    
   1.50000000      -1.12486982    
   1.55000007      -1.14133573    
   1.60000002      -1.15750885    
   1.64999998      -1.17340255    
   1.70000005      -1.18902946    
   1.75000000      -1.20440125    
   1.80000007      -1.21952868    
   1.85000002      -1.23442185    
   1.89999998      -1.24909019    
   1.95000005      -1.26354253    
   2.00000000      -1.27778721    
   2.04999995      -1.29183185    
   2.10000014      -1.30568385    
   2.15000010      -1.31935000    
   2.20000005      -1.33283687    
   2.25000000      -1.34615064    
   2.29999995      -1.35929680    
   2.35000014      -1.37228107    
   2.40000010      -1.38510859    
   2.45000005      -1.39778423    
   2.50000000      -1.41031265    
   2.54999995      -1.42269838    
   2.60000014      -1.43494558    
   2.65000010      -1.44705820    
   2.70000005      -1.45904028    
   2.75000000      -1.47089529    
   2.79999995      -1.48262680    
   2.85000014      -1.49423814    
   2.90000010      -1.50573254    
   2.95000005      -1.51711297    
   3.00000000      -1.52838254    
   3.04999995      -1.53954387    
   3.10000014      -1.55059969    
   3.15000010      -1.56155264    
   3.20000005      -1.57240510    
   3.25000000      -1.58315969    
   3.29999995      -1.59381843    
   3.35000014      -1.60438371    
   3.40000010      -1.61485767    
   3.45000005      -1.62524223    
   3.50000000      -1.63553941    
   3.54999995      -1.64575112    
   3.60000014      -1.65587926    
   3.65000010      -1.66592550    
   3.70000005      -1.67589164    
   3.75000000      -1.68577933    
   3.79999995      -1.69559014    
   3.85000014      -1.70532560    
   3.90000010      -1.71498728    
   3.95000005      -1.72457659    
   4.00000000      -1.73409486    
   4.05000019      -1.74354362    
   4.09999990      -1.75292397    
   4.15000010      -1.76223743    
   4.20000029      -1.77148497    
   4.25000000      -1.78066802    
   4.30000019      -1.78978765    
   4.34999990      -1.79884493    
   4.40000010      -1.80784118    
   4.45000029      -1.81677735    
   4.50000000      -1.82565427    
   4.55000019      -1.83447325    
   4.59999990      -1.84323502    
   4.65000010      -1.85194087    
   4.70000029      -1.86059141    
   4.75000000      -1.86918759    
   4.80000019      -1.87773049    
   4.84999990      -1.88622081    
   4.90000010      -1.89465952    
   4.95000029      -1.90304720    
   5.00000000      -1.91138482    
