   5.00000007E-02   4.97983694    
  0.100000001       4.96963310    
  0.150000006       4.95934200    
  0.200000003       4.94896412    
  0.250000000       4.93849707    
  0.300000012       4.92793846    
  0.349999994       4.91728687    
  0.400000006       4.90653896    
  0.450000018       4.89569426    
  0.500000000       4.88474894    
  0.550000012       4.87370062    
  0.600000024       4.86254740    
  0.650000036       4.85128546    
  0.699999988       4.83991385    
  0.750000000       4.82842827    
  0.800000012       4.81682539    
  0.850000024       4.80510330    
  0.900000036       4.79325724    
  0.949999988       4.78128481    
   1.00000000       4.76918221    
   1.05000007       4.75694466    
   1.10000002       4.74456930    
   1.14999998       4.73205185    
   1.20000005       4.71938705    
   1.25000000       4.70657158    
   1.30000007       4.69359827    
   1.35000002       4.68046474    
   1.39999998       4.66716337    
   1.45000005       4.65368986    
   1.50000000       4.64003754    
   1.55000007       4.62619925    
   1.60000002       4.61216879    
   1.64999998       4.59793949    
   1.70000005       4.58350277    
   1.75000000       4.56885099    
   1.80000007       4.55397415    
   1.85000002       4.53886509    
   1.89999998       4.52351141    
   1.95000005       4.50790405    
   2.00000000       4.49203062    
   2.04999995       4.47587872    
   2.10000014       4.45943546    
   2.15000010       4.44268465    
   2.20000005       4.42561245    
   2.25000000       4.40820074    
   2.29999995       4.39043140    
   2.35000014       4.37228298    
   2.40000010       4.35373306    
   2.45000005       4.33475780    
   2.50000000       4.31533003    
   2.54999995       4.29541731    
   2.60000014       4.27498770    
   2.65000010       4.25400162    
   2.70000005       4.23241758    
   2.75000000       4.21018648    
   2.79999995       4.18725157    
   2.85000014       4.16355038    
   2.90000010       4.13900900    
   2.95000005       4.11354017    
   3.00000000       4.08704090    
   3.04999995       4.05939007    
   3.10000014       4.03043890    
   3.15000010       4.00000238    
   3.20000005       3.96785116    
   3.25000000       3.93369031    
   3.29999995       3.89712811    
   3.35000014       3.85762548    
   3.40000010       3.81441355    
   3.45000005       3.76631331    
   3.50000000       3.71135664    
   3.54999995       3.64575577    
   3.60000014       3.55999851    
   3.65000010       3.39384842    
   3.70000005      -1.67589164    
   3.75000000      -1.68577933    
   3.79999995      -1.69559014    
   3.85000014      -1.70532560    
   3.90000010      -1.71498728    
   3.95000005      -1.72457659    
   4.00000000      -1.73409486    
   4.05000019      -1.74354362    
   4.09999990      -1.75292397    
   4.15000010      -1.76223743    
   4.20000029      -1.77148497    
   4.25000000      -1.78066802    
   4.30000019      -1.78978765    
   4.34999990      -1.79884493    
   4.40000010      -1.80784118    
   4.45000029      -1.81677735    
   4.50000000      -1.82565427    
   4.55000019      -1.83447325    
   4.59999990      -1.84323502    
   4.65000010      -1.85194087    
   4.70000029      -1.86059141    
   4.75000000      -1.86918759    
   4.80000019      -1.87773049    
   4.84999990      -1.88622081    
   4.90000010      -1.89465952    
   4.95000029      -1.90304720    
   5.00000000      -1.91138482    
