   5.00000007E-02   2.81413610E-04
  0.100000001       1.02252257E-03
  0.150000006       2.42644106E-03
  0.200000003       4.67906147E-03
  0.250000000       7.94989336E-03
  0.300000012       1.23928655E-02
  0.349999994       1.81470830E-02
  0.400000006       2.53375508E-02
  0.450000018       3.40758637E-02
  0.500000000       4.44608517E-02
  0.550000012       5.65792210E-02
  0.600000024       7.05061257E-02
  0.650000036       8.63057375E-02
  0.699999988      0.104031779    
  0.750000000      0.123728052    
  0.800000012      0.145428896    
  0.850000024      0.169159666    
  0.900000036      0.194937155    
  0.949999988      0.222770035    
   1.00000000      0.252659231    
   1.05000007      0.284598291    
   1.10000002      0.318573803    
   1.14999998      0.354565650    
   1.20000005      0.392547399    
   1.25000000      0.432486594    
   1.30000007      0.474345088    
   1.35000002      0.518079162    
   1.39999998      0.563640058    
   1.45000005      0.610973954    
   1.50000000      0.660022438    
   1.55000007      0.710722566    
   1.60000002      0.763007164    
   1.64999998      0.816805005    
   1.70000005      0.872041047    
   1.75000000      0.928636551    
   1.80000007      0.986509383    
   1.85000002       1.04557407    
   1.89999998       1.10574198    
   1.95000005       1.16692138    
   2.00000000       1.22901785    
   2.04999995       1.29193425    
   2.10000014       1.35557079    
   2.15000010       1.41982520    
   2.20000005       1.48459303    
   2.25000000       1.54976749    
   2.29999995       1.61523962    
   2.35000014       1.68089867    
   2.40000010       1.74663186    
   2.45000005       1.81232452    
   2.50000000       1.87786031    
   2.54999995       1.94312131    
   2.60000014       2.00798798    
   2.65000010       2.07233930    
   2.70000005       2.13605285    
   2.75000000       2.19900489    
   2.79999995       2.26107049    
   2.85000014       2.32212305    
   2.90000010       2.38203549    
   2.95000005       2.44067907    
   3.00000000       2.49792433    
   3.04999995       2.55364060    
   3.10000014       2.60769629    
   3.15000010       2.65995908    
   3.20000005       2.71029568    
   3.25000000       2.75857210    
   3.29999995       2.80465341    
   3.35000014       2.84840393    
   3.40000010       2.88968754    
   3.45000005       2.92836690    
   3.50000000       2.96430469    
   3.54999995       2.99736261    
   3.60000014       3.02740192    
   3.65000010       3.05428338    
   3.70000005       3.07786703    
   3.75000000       3.09801245    
   3.79999995       3.11457872    
   3.85000014       3.12742472    
   3.90000010       3.13640881    
   3.95000005       3.14138889    
   4.00000000       3.14222240    
   4.05000019       3.13876653    
   4.09999990       3.13087797    
   4.15000010       3.11841321    
   4.20000029       3.10122848    
   4.25000000       3.07917976    
   4.30000019       3.05212235    
   4.34999990       3.01991177    
   4.40000010       2.98240280    
   4.45000029       2.93945050    
   4.50000000       2.89090919    
   4.55000019       2.83663344    
   4.59999990       2.77647734    
   4.65000010       2.71029449    
   4.70000029       2.63793898    
   4.75000000       2.55926418    
   4.80000019       2.47412348    
   4.84999990       2.38237023    
   4.90000010       2.28385735    
   4.95000029       2.17843771    
   5.00000000       2.06596422    
