   5.00000007E-02  0.380773187    
  0.100000001      0.362957478    
  0.150000006      0.346709609    
  0.200000003      0.332171351    
  0.250000000      0.319470197    
  0.300000012      0.308720142    
  0.349999994      0.300022304    
  0.400000006      0.293465555    
  0.450000018      0.289127111    
  0.500000000      0.287073106    
  0.550000012      0.287359148    
  0.600000024      0.290030777    
  0.650000036      0.295124054    
  0.699999988      0.302665919    
  0.750000000      0.312674701    
  0.800000012      0.325160503    
  0.850000024      0.340125650    
  0.900000036      0.357565045    
  0.949999988      0.377466470    
   1.00000000      0.399811029    
   1.05000007      0.424573421    
   1.10000002      0.451722264    
   1.14999998      0.481220394    
   1.20000005      0.513025105    
   1.25000000      0.547088563    
   1.30000007      0.583357871    
   1.35000002      0.621775329    
   1.39999998      0.662278891    
   1.45000005      0.704802096    
   1.50000000      0.749274492    
   1.55000007      0.795621753    
   1.60000002      0.843765736    
   1.64999998      0.893624902    
   1.70000005      0.945114374    
   1.75000000      0.998146057    
   1.80000007       1.05262887    
   1.85000002       1.10846889    
   1.89999998       1.16556931    
   1.95000005       1.22383094    
   2.00000000       1.28315198    
   2.04999995       1.34342825    
   2.10000014       1.40455341    
   2.15000010       1.46641898    
   2.20000005       1.52891445    
   2.25000000       1.59192729    
   2.29999995       1.65534329    
   2.35000014       1.71904647    
   2.40000010       1.78291917    
   2.45000005       1.84684205    
   2.50000000       1.91069448    
   2.54999995       1.97435415    
   2.60000014       2.03769755    
   2.65000010       2.10060000    
   2.70000005       2.16293526    
   2.75000000       2.22457623    
   2.79999995       2.28539467    
   2.85000014       2.34526110    
   2.90000010       2.40404510    
   2.95000005       2.46161532    
   3.00000000       2.51783943    
   3.04999995       2.57258439    
   3.10000014       2.62571621    
   3.15000010       2.67710018    
   3.20000005       2.72660089    
   3.25000000       2.77408218    
   3.29999995       2.81940699    
   3.35000014       2.86243796    
   3.40000010       2.90303707    
   3.45000005       2.94106555    
   3.50000000       2.97638416    
   3.54999995       3.00885296    
   3.60000014       3.03833199    
   3.65000010       3.06468034    
   3.70000005       3.08775687    
   3.75000000       3.10741997    
   3.79999995       3.12352753    
   3.85000014       3.13593721    
   3.90000010       3.14450622    
   3.95000005       3.14909124    
   4.00000000       3.14954901    
   4.05000019       3.14573574    
   4.09999990       3.13750720    
   4.15000010       3.12471914    
   4.20000029       3.10722685    
   4.25000000       3.08488560    
   4.30000019       3.05754995    
   4.34999990       3.02507448    
   4.40000010       2.98731375    
   4.45000029       2.94412184    
   4.50000000       2.89535284    
   4.55000019       2.84086037    
   4.59999990       2.78049803    
   4.65000010       2.71411920    
   4.70000029       2.64157701    
   4.75000000       2.56272483    
   4.80000019       2.47741532    
   4.84999990       2.38550162    
   4.90000010       2.28683591    
   4.95000029       2.18127108    
   5.00000000       2.06865931    
