   5.00000007E-02  0.761264980    
  0.100000001      0.724892497    
  0.150000006      0.690992832    
  0.200000003      0.659663677    
  0.250000000      0.630990505    
  0.300000012      0.605047405    
  0.349999994      0.581897497    
  0.400000006      0.561593533    
  0.450000018      0.544178307    
  0.500000000      0.529685318    
  0.550000012      0.518139005    
  0.600000024      0.509555399    
  0.650000036      0.503942311    
  0.699999988      0.501299977    
  0.750000000      0.501621246    
  0.800000012      0.504892051    
  0.850000024      0.511091590    
  0.900000036      0.520192862    
  0.949999988      0.532162845    
   1.00000000      0.546962738    
   1.05000007      0.564548433    
   1.10000002      0.584870636    
   1.14999998      0.607875049    
   1.20000005      0.633502781    
   1.25000000      0.661690474    
   1.30000007      0.692370534    
   1.35000002      0.725471377    
   1.39999998      0.760917604    
   1.45000005      0.798630178    
   1.50000000      0.838526547    
   1.55000007      0.880520880    
   1.60000002      0.924524307    
   1.64999998      0.970444858    
   1.70000005       1.01818776    
   1.75000000       1.06765568    
   1.80000007       1.11874855    
   1.85000002       1.17136383    
   1.89999998       1.22539687    
   1.95000005       1.28074062    
   2.00000000       1.33728611    
   2.04999995       1.39492226    
   2.10000014       1.45353603    
   2.15000010       1.51301265    
   2.20000005       1.57323563    
   2.25000000       1.63408697    
   2.29999995       1.69544685    
   2.35000014       1.75719416    
   2.40000010       1.81920636    
   2.45000005       1.88135958    
   2.50000000       1.94352853    
   2.54999995       2.00558686    
   2.60000014       2.06740713    
   2.65000010       2.12886071    
   2.70000005       2.18981767    
   2.75000000       2.25014758    
   2.79999995       2.30971885    
   2.85000014       2.36839890    
   2.90000010       2.42605448    
   2.95000005       2.48255110    
   3.00000000       2.53775406    
   3.04999995       2.59152770    
   3.10000014       2.64373565    
   3.15000010       2.69424081    
   3.20000005       2.74290562    
   3.25000000       2.78959155    
   3.29999995       2.83416009    
   3.35000014       2.87647152    
   3.40000010       2.91638613    
   3.45000005       2.95376348    
   3.50000000       2.98846269    
   3.54999995       3.02034259    
   3.60000014       3.04926109    
   3.65000010       3.07507634    
   3.70000005       3.09764576    
   3.75000000       3.11682653    
   3.79999995       3.13247538    
   3.85000014       3.14444852    
   3.90000010       3.15260243    
   3.95000005       3.15679264    
   4.00000000       3.15687490    
   4.05000019       3.15270424    
   4.09999990       3.14413595    
   4.15000010       3.13102460    
   4.20000029       3.11322474    
   4.25000000       3.09059095    
   4.30000019       3.06297684    
   4.34999990       3.03023672    
   4.40000010       2.99222422    
   4.45000029       2.94879293    
   4.50000000       2.89979601    
   4.55000019       2.84508681    
   4.59999990       2.78451824    
   4.65000010       2.71794319    
   4.70000029       2.64521456    
   4.75000000       2.56618500    
   4.80000019       2.48070669    
   4.84999990       2.38863230    
   4.90000010       2.28981400    
   4.95000029       2.18410397    
   5.00000000       2.07135415    
