   5.00000007E-02  0.951510847    
  0.100000001      0.905859947    
  0.150000006      0.863134444    
  0.200000003      0.823409855    
  0.250000000      0.786750734    
  0.300000012      0.753211141    
  0.349999994      0.722835243    
  0.400000006      0.695657670    
  0.450000018      0.671704054    
  0.500000000      0.650991559    
  0.550000012      0.633529067    
  0.600000024      0.619317770    
  0.650000036      0.608351529    
  0.699999988      0.600617111    
  0.750000000      0.596094608    
  0.800000012      0.594757855    
  0.850000024      0.596574605    
  0.900000036      0.601506829    
  0.949999988      0.609511077    
   1.00000000      0.620538652    
   1.05000007      0.634536028    
   1.10000002      0.651444852    
   1.14999998      0.671202362    
   1.20000005      0.693741560    
   1.25000000      0.718991339    
   1.30000007      0.746876836    
   1.35000002      0.777319372    
   1.39999998      0.810236931    
   1.45000005      0.845544159    
   1.50000000      0.883152485    
   1.55000007      0.922970414    
   1.60000002      0.964903533    
   1.64999998       1.00885475    
   1.70000005       1.05472445    
   1.75000000       1.10241044    
   1.80000007       1.15180826    
   1.85000002       1.20281124    
   1.89999998       1.25531054    
   1.95000005       1.30919540    
   2.00000000       1.36435318    
   2.04999995       1.42066920    
   2.10000014       1.47802722    
   2.15000010       1.53630936    
   2.20000005       1.59539616    
   2.25000000       1.65516663    
   2.29999995       1.71549845    
   2.35000014       1.77626789    
   2.40000010       1.83734989    
   2.45000005       1.89861822    
   2.50000000       1.95994544    
   2.54999995       2.02120304    
   2.60000014       2.08226180    
   2.65000010       2.14299083    
   2.70000005       2.20325875    
   2.75000000       2.26293325    
   2.79999995       2.32188106    
   2.85000014       2.37996793    
   2.90000010       2.43705916    
   2.95000005       2.49301910    
   3.00000000       2.54771161    
   3.04999995       2.60099959    
   3.10000014       2.65274572    
   3.15000010       2.70281148    
   3.20000005       2.75105810    
   3.25000000       2.79734659    
   3.29999995       2.84153676    
   3.35000014       2.88348842    
   3.40000010       2.92306089    
   3.45000005       2.96011281    
   3.50000000       2.99450231    
   3.54999995       3.02608752    
   3.60000014       3.05472589    
   3.65000010       3.08027458    
   3.70000005       3.10259056    
   3.75000000       3.12153006    
   3.79999995       3.13694954    
   3.85000014       3.14870453    
   3.90000010       3.15665078    
   3.95000005       3.16064358    
   4.00000000       3.16053796    
   4.05000019       3.15618873    
   4.09999990       3.14745045    
   4.15000010       3.13417745    
   4.20000029       3.11622381    
   4.25000000       3.09344363    
   4.30000019       3.06569052    
   4.34999990       3.03281808    
   4.40000010       2.99467969    
   4.45000029       2.95112848    
   4.50000000       2.90201759    
   4.55000019       2.84719992    
   4.59999990       2.78652835    
   4.65000010       2.71985531    
   4.70000029       2.64703345    
   4.75000000       2.56791520    
   4.80000019       2.48235250    
   4.84999990       2.39019799    
   4.90000010       2.29130340    
   4.95000029       2.18552065    
   5.00000000       2.07270169    
