   5.00000007E-02   1.14175677    
  0.100000001       1.08682752    
  0.150000006       1.03527606    
  0.200000003      0.987156034    
  0.250000000      0.942510903    
  0.300000012      0.901374817    
  0.349999994      0.863772869    
  0.400000006      0.829721689    
  0.450000018      0.799229741    
  0.500000000      0.772297740    
  0.550000012      0.748919070    
  0.600000024      0.729080141    
  0.650000036      0.712760687    
  0.699999988      0.699934185    
  0.750000000      0.690567970    
  0.800000012      0.684623718    
  0.850000024      0.682057619    
  0.900000036      0.682820797    
  0.949999988      0.686859310    
   1.00000000      0.694114566    
   1.05000007      0.704523623    
   1.10000002      0.718019128    
   1.14999998      0.734529793    
   1.20000005      0.753980458    
   1.25000000      0.776292384    
   1.30000007      0.801383257    
   1.35000002      0.829167485    
   1.39999998      0.859556437    
   1.45000005      0.892458320    
   1.50000000      0.927778602    
   1.55000007      0.965420067    
   1.60000002       1.00528288    
   1.64999998       1.04726481    
   1.70000005       1.09126115    
   1.75000000       1.13716519    
   1.80000007       1.18486798    
   1.85000002       1.23425865    
   1.89999998       1.28522420    
   1.95000005       1.33765018    
   2.00000000       1.39142013    
   2.04999995       1.44641602    
   2.10000014       1.50251842    
   2.15000010       1.55960619    
   2.20000005       1.61755681    
   2.25000000       1.67624652    
   2.29999995       1.73555028    
   2.35000014       1.79534173    
   2.40000010       1.85549343    
   2.45000005       1.91587687    
   2.50000000       1.97636235    
   2.54999995       2.03681946    
   2.60000014       2.09711647    
   2.65000010       2.15712094    
   2.70000005       2.21669984    
   2.75000000       2.27571869    
   2.79999995       2.33404279    
   2.85000014       2.39153647    
   2.90000010       2.44806361    
   2.95000005       2.50348687    
   3.00000000       2.55766892    
   3.04999995       2.61047125    
   3.10000014       2.66175532    
   3.15000010       2.71138167    
   3.20000005       2.75921035    
   3.25000000       2.80510116    
   3.29999995       2.84891319    
   3.35000014       2.89050508    
   3.40000010       2.92973542    
   3.45000005       2.96646166    
   3.50000000       3.00054169    
   3.54999995       3.03183246    
   3.60000014       3.06019068    
   3.65000010       3.08547282    
   3.70000005       3.10753536    
   3.75000000       3.12623382    
   3.79999995       3.14142370    
   3.85000014       3.15296054    
   3.90000010       3.16069937    
   3.95000005       3.16449475    
   4.00000000       3.16420126    
   4.05000019       3.15967345    
   4.09999990       3.15076518    
   4.15000010       3.13733053    
   4.20000029       3.11922336    
   4.25000000       3.09629703    
   4.30000019       3.06840467    
   4.34999990       3.03539991    
   4.40000010       2.99713564    
   4.45000029       2.95346475    
   4.50000000       2.90424013    
   4.55000019       2.84931421    
   4.59999990       2.78853965    
   4.65000010       2.72176862    
   4.70000029       2.64885330    
   4.75000000       2.56964612    
   4.80000019       2.48399901    
   4.84999990       2.39176416    
   4.90000010       2.29279304    
   4.95000029       2.18693757    
   5.00000000       2.07404947    
