   5.00000007E-02   1.52224851    
  0.100000001       1.44876242    
  0.150000006       1.37955928    
  0.200000003       1.31464839    
  0.250000000       1.25403130    
  0.300000012       1.19770217    
  0.349999994       1.14564812    
  0.400000006       1.09784973    
  0.450000018       1.05428100    
  0.500000000       1.01490998    
  0.550000012      0.979699016    
  0.600000024      0.948604822    
  0.650000036      0.921579063    
  0.699999988      0.898568332    
  0.750000000      0.879514575    
  0.800000012      0.864355266    
  0.850000024      0.853023589    
  0.900000036      0.845448613    
  0.949999988      0.841555655    
   1.00000000      0.841266334    
   1.05000007      0.844498694    
   1.10000002      0.851167560    
   1.14999998      0.861184478    
   1.20000005      0.874458134    
   1.25000000      0.890894294    
   1.30000007      0.910395980    
   1.35000002      0.932863593    
   1.39999998      0.958195210    
   1.45000005      0.986286402    
   1.50000000       1.01703072    
   1.55000007       1.05031931    
   1.60000002       1.08604157    
   1.64999998       1.12408483    
   1.70000005       1.16433465    
   1.75000000       1.20667481    
   1.80000007       1.25098753    
   1.85000002       1.29715347    
   1.89999998       1.34505165    
   1.95000005       1.39455986    
   2.00000000       1.44555426    
   2.04999995       1.49791002    
   2.10000014       1.55150104    
   2.15000010       1.60619986    
   2.20000005       1.66187811    
   2.25000000       1.71840620    
   2.29999995       1.77565384    
   2.35000014       1.83348942    
   2.40000010       1.89178061    
   2.45000005       1.95039427    
   2.50000000       2.00919628    
   2.54999995       2.06805205    
   2.60000014       2.12682581    
   2.65000010       2.18538141    
   2.70000005       2.24358201    
   2.75000000       2.30128980    
   2.79999995       2.35836673    
   2.85000014       2.41467428    
   2.90000010       2.47007298    
   2.95000005       2.52442288    
   3.00000000       2.57758379    
   3.04999995       2.62941504    
   3.10000014       2.67977524    
   3.15000010       2.72852278    
   3.20000005       2.77551556    
   3.25000000       2.82061124    
   3.29999995       2.86366677    
   3.35000014       2.90453911    
   3.40000010       2.94308496    
   3.45000005       2.97916031    
   3.50000000       3.01262093    
   3.54999995       3.04332256    
   3.60000014       3.07112050    
   3.65000010       3.09586978    
   3.70000005       3.11742520    
   3.75000000       3.13564134    
   3.79999995       3.15037251    
   3.85000014       3.16147280    
   3.90000010       3.16879630    
   3.95000005       3.17219687    
   4.00000000       3.17152786    
   4.05000019       3.16664267    
   4.09999990       3.15739465    
   4.15000010       3.14363670    
   4.20000029       3.12522197    
   4.25000000       3.10200310    
   4.30000019       3.07383251    
   4.34999990       3.04056311    
   4.40000010       3.00204706    
   4.45000029       2.95813656    
   4.50000000       2.90868402    
   4.55000019       2.85354137    
   4.59999990       2.79256058    
   4.65000010       2.72559333    
   4.70000029       2.65249157    
   4.75000000       2.57310700    
   4.80000019       2.48729110    
   4.84999990       2.39489579    
   4.90000010       2.29577208    
   4.95000029       2.18977141    
   5.00000000       2.07674527    
