   5.00000007E-02   1.90274024    
  0.100000001       1.81069732    
  0.150000006       1.72384238    
  0.200000003       1.64214051    
  0.250000000       1.56555140    
  0.300000012       1.49402928    
  0.349999994       1.42752326    
  0.400000006       1.36597764    
  0.450000018       1.30933213    
  0.500000000       1.25752211    
  0.550000012       1.21047878    
  0.600000024       1.16812932    
  0.650000036       1.13039720    
  0.699999988       1.09720230    
  0.750000000       1.06846106    
  0.800000012       1.04408669    
  0.850000024       1.02398944    
  0.900000036       1.00807643    
  0.949999988      0.996252060    
   1.00000000      0.988418102    
   1.05000007      0.984473765    
   1.10000002      0.984315932    
   1.14999998      0.987839162    
   1.20000005      0.994935811    
   1.25000000       1.00549614    
   1.30000007       1.01940858    
   1.35000002       1.03655958    
   1.39999998       1.05683386    
   1.45000005       1.08011436    
   1.50000000       1.10628259    
   1.55000007       1.13521838    
   1.60000002       1.16680002    
   1.64999998       1.20090461    
   1.70000005       1.23740792    
   1.75000000       1.27618432    
   1.80000007       1.31710708    
   1.85000002       1.36004829    
   1.89999998       1.40487909    
   1.95000005       1.45146942    
   2.00000000       1.49968839    
   2.04999995       1.54940403    
   2.10000014       1.60048366    
   2.15000010       1.65279353    
   2.20000005       1.70619941    
   2.25000000       1.76056600    
   2.29999995       1.81575739    
   2.35000014       1.87163711    
   2.40000010       1.92806780    
   2.45000005       1.98491168    
   2.50000000       2.04203033    
   2.54999995       2.09928465    
   2.60000014       2.15653515    
   2.65000010       2.21364188    
   2.70000005       2.27046418    
   2.75000000       2.32686090    
   2.79999995       2.38269091    
   2.85000014       2.43781209    
   2.90000010       2.49208212    
   2.95000005       2.54535866    
   3.00000000       2.59749866    
   3.04999995       2.64835858    
   3.10000014       2.69779491    
   3.15000010       2.74566364    
   3.20000005       2.79182053    
   3.25000000       2.83612084    
   3.29999995       2.87842011    
   3.35000014       2.91857314    
   3.40000010       2.95643449    
   3.45000005       2.99185872    
   3.50000000       3.02470016    
   3.54999995       3.05481267    
   3.60000014       3.08205009    
   3.65000010       3.10626626    
   3.70000005       3.12731457    
   3.75000000       3.14504838    
   3.79999995       3.15932083    
   3.85000014       3.16998482    
   3.90000010       3.17689323    
   3.95000005       3.17989874    
   4.00000000       3.17885399    
   4.05000019       3.17361140    
   4.09999990       3.16402340    
   4.15000010       3.14994216    
   4.20000029       3.13121986    
   4.25000000       3.10770845    
   4.30000019       3.07925963    
   4.34999990       3.04572558    
   4.40000010       3.00695777    
   4.45000029       2.96280789    
   4.50000000       2.91312742    
   4.55000019       2.85776806    
   4.59999990       2.79658103    
   4.65000010       2.72941780    
   4.70000029       2.65612960    
   4.75000000       2.57656765    
   4.80000019       2.49058294    
   4.84999990       2.39802694    
   4.90000010       2.29875040    
   4.95000029       2.19260454    
   5.00000000       2.07944012    
